**** 800 ****
1000
27; 24;
31; 14;
36; 5;
10; 31;
22; 19;
7; 39;
14; 32;
7; 7;
38; 23;
14; 31;
22; 28;
15; 22;
5; 25;
21; 12;
27; 25;
9; 29;
24; 9;
28; 14;
31; 17;
10; 12;
14; 20;
9; 34;
23; 27;
34; 20;
28; 39;
29; 18;
25; 36;
23; 38;
13; 13;
13; 15;
24; 38;
9; 36;
15; 18;
20; 10;
9; 33;
15; 26;
17; 7;
21; 6;
23; 20;
38; 18;
30; 5;
23; 27;
35; 31;
9; 27;
25; 29;
5; 22;
8; 34;
28; 15;
16; 12;
24; 10;
12; 29;
16; 35;
29; 8;
5; 22;
20; 21;
19; 33;
15; 35;
25; 23;
19; 21;
5; 23;
13; 32;
24; 20;
33; 32;
22; 23;
19; 10;
30; 16;
35; 33;
10; 6;
29; 28;
38; 32;
30; 26;
12; 9;
14; 12;
12; 12;
14; 9;
35; 35;
11; 5;
36; 20;
9; 36;
7; 36;
26; 21;
8; 14;
31; 8;
37; 22;
30; 23;
34; 31;
22; 13;
32; 27;
24; 20;
10; 25;
25; 14;
14; 15;
14; 35;
9; 35;
36; 30;
37; 33;
26; 7;
11; 14;
23; 38;
18; 10;
14; 30;
22; 30;
15; 9;
17; 38;
12; 14;
35; 28;
30; 21;
16; 16;
12; 32;
39; 36;
39; 7;
26; 39;
26; 5;
10; 19;
6; 23;
8; 26;
7; 39;
16; 34;
31; 24;
39; 10;
22; 10;
27; 26;
35; 13;
8; 10;
31; 35;
6; 30;
39; 21;
11; 12;
9; 23;
8; 14;
39; 37;
36; 29;
11; 14;
26; 30;
9; 21;
24; 27;
33; 33;
19; 33;
20; 39;
9; 18;
37; 39;
28; 11;
22; 17;
27; 25;
33; 8;
30; 13;
21; 29;
11; 24;
14; 38;
20; 26;
26; 17;
5; 14;
15; 19;
37; 10;
7; 18;
32; 9;
19; 29;
17; 39;
14; 30;
12; 33;
26; 6;
36; 6;
31; 16;
11; 8;
27; 34;
24; 22;
24; 22;
32; 24;
39; 18;
36; 7;
19; 21;
22; 20;
15; 25;
33; 31;
17; 11;
15; 24;
30; 26;
39; 25;
20; 39;
23; 38;
12; 34;
22; 13;
34; 15;
25; 36;
37; 33;
5; 35;
33; 9;
18; 9;
23; 21;
30; 10;
22; 19;
31; 20;
24; 39;
31; 38;
23; 12;
8; 5;
34; 38;
35; 25;
39; 14;
25; 5;
5; 37;
34; 23;
11; 19;
30; 26;
12; 34;
6; 39;
13; 18;
20; 32;
8; 7;
28; 34;
24; 27;
18; 30;
30; 39;
5; 35;
13; 33;
10; 14;
35; 30;
10; 25;
25; 12;
13; 10;
14; 9;
30; 28;
10; 9;
31; 21;
22; 7;
21; 37;
26; 31;
20; 17;
23; 9;
33; 12;
19; 35;
17; 19;
28; 31;
8; 23;
12; 35;
12; 36;
33; 23;
24; 20;
36; 29;
24; 25;
13; 23;
18; 11;
16; 13;
28; 9;
14; 32;
6; 21;
18; 6;
30; 19;
31; 16;
5; 19;
6; 13;
14; 26;
35; 25;
8; 7;
11; 5;
20; 34;
25; 12;
38; 35;
21; 11;
7; 20;
8; 38;
13; 19;
34; 31;
22; 31;
32; 10;
28; 25;
29; 10;
24; 39;
14; 31;
16; 30;
9; 25;
37; 13;
16; 12;
35; 10;
7; 35;
37; 25;
13; 24;
15; 7;
39; 34;
32; 8;
8; 17;
15; 6;
17; 35;
9; 20;
28; 39;
25; 30;
34; 16;
15; 22;
6; 5;
8; 27;
35; 16;
28; 36;
12; 7;
16; 9;
34; 22;
5; 20;
38; 12;
27; 32;
15; 36;
36; 21;
7; 20;
22; 8;
14; 11;
30; 36;
14; 32;
6; 39;
31; 10;
13; 32;
28; 18;
33; 14;
23; 5;
25; 11;
38; 10;
32; 27;
29; 22;
12; 9;
8; 26;
24; 19;
34; 25;
26; 5;
17; 19;
34; 6;
20; 6;
29; 32;
39; 35;
8; 36;
7; 26;
37; 6;
35; 16;
9; 9;
19; 8;
12; 31;
25; 36;
35; 9;
25; 33;
37; 8;
31; 32;
37; 8;
10; 23;
30; 37;
20; 39;
27; 34;
19; 15;
6; 22;
28; 23;
24; 22;
20; 21;
26; 13;
12; 8;
21; 24;
11; 24;
11; 11;
37; 5;
10; 15;
29; 33;
36; 16;
25; 12;
29; 20;
20; 17;
17; 15;
35; 17;
21; 7;
14; 19;
28; 14;
11; 28;
36; 7;
7; 11;
31; 35;
32; 21;
37; 18;
10; 31;
33; 34;
26; 12;
36; 12;
32; 10;
33; 35;
30; 11;
29; 33;
8; 9;
37; 22;
17; 35;
8; 5;
37; 33;
14; 19;
20; 33;
27; 39;
19; 38;
9; 8;
24; 26;
20; 6;
23; 20;
22; 5;
35; 5;
16; 35;
22; 38;
31; 28;
24; 20;
6; 14;
28; 32;
36; 33;
37; 22;
32; 38;
23; 33;
20; 32;
6; 25;
13; 22;
28; 35;
39; 37;
18; 7;
10; 36;
22; 19;
37; 22;
7; 39;
20; 39;
36; 35;
20; 31;
29; 27;
8; 5;
28; 23;
22; 6;
24; 24;
34; 36;
29; 14;
39; 28;
21; 9;
35; 25;
26; 39;
15; 23;
24; 14;
36; 23;
18; 21;
35; 10;
10; 22;
32; 5;
31; 38;
13; 35;
25; 9;
17; 37;
24; 6;
33; 32;
39; 31;
23; 32;
39; 34;
9; 30;
16; 25;
21; 19;
26; 38;
28; 8;
29; 28;
30; 12;
22; 38;
36; 22;
35; 5;
5; 22;
27; 18;
38; 23;
20; 9;
24; 26;
38; 7;
11; 15;
17; 7;
29; 11;
21; 34;
13; 26;
20; 13;
13; 36;
15; 26;
14; 5;
34; 5;
36; 39;
34; 26;
7; 38;
26; 38;
38; 22;
19; 6;
9; 26;
22; 20;
34; 20;
14; 30;
6; 5;
31; 18;
7; 18;
9; 7;
12; 33;
34; 23;
31; 38;
11; 11;
21; 30;
39; 30;
25; 23;
36; 31;
12; 19;
8; 26;
19; 35;
31; 34;
31; 9;
39; 35;
12; 20;
24; 28;
33; 24;
30; 10;
27; 35;
14; 11;
20; 15;
38; 9;
20; 23;
9; 22;
9; 5;
11; 27;
14; 22;
27; 17;
6; 5;
32; 27;
38; 15;
39; 6;
10; 16;
36; 6;
32; 31;
9; 16;
9; 37;
11; 9;
36; 27;
18; 12;
39; 21;
31; 12;
14; 36;
18; 15;
36; 18;
8; 27;
8; 27;
12; 10;
15; 37;
39; 9;
26; 8;
30; 18;
36; 34;
23; 17;
16; 23;
20; 19;
26; 24;
27; 22;
23; 32;
31; 13;
38; 25;
9; 19;
27; 22;
13; 22;
29; 6;
33; 39;
27; 14;
25; 36;
31; 18;
16; 19;
18; 5;
39; 17;
37; 29;
5; 23;
39; 30;
26; 23;
10; 31;
11; 5;
38; 15;
31; 18;
26; 5;
28; 14;
30; 21;
31; 17;
38; 31;
31; 10;
21; 17;
34; 37;
26; 32;
22; 38;
21; 29;
23; 38;
20; 14;
33; 36;
8; 24;
37; 20;
26; 37;
33; 18;
17; 30;
27; 20;
37; 28;
24; 12;
38; 20;
7; 33;
36; 13;
19; 11;
33; 32;
36; 36;
22; 29;
34; 20;
27; 34;
13; 19;
34; 15;
23; 23;
23; 21;
25; 35;
9; 6;
5; 33;
9; 16;
5; 39;
11; 5;
5; 34;
10; 31;
27; 34;
5; 37;
35; 27;
35; 11;
33; 8;
19; 10;
18; 27;
37; 24;
15; 19;
28; 23;
7; 32;
32; 8;
31; 10;
29; 34;
14; 27;
34; 18;
13; 8;
28; 29;
23; 26;
25; 37;
39; 37;
13; 36;
18; 39;
38; 17;
7; 27;
30; 25;
11; 26;
28; 35;
6; 36;
10; 30;
38; 6;
37; 11;
14; 6;
36; 14;
39; 12;
5; 28;
34; 30;
24; 9;
23; 35;
29; 32;
12; 17;
32; 26;
36; 13;
11; 27;
19; 33;
28; 26;
20; 35;
38; 38;
5; 6;
27; 17;
7; 28;
18; 35;
26; 6;
31; 20;
7; 24;
16; 10;
12; 18;
22; 26;
13; 16;
14; 5;
34; 14;
35; 10;
24; 19;
13; 38;
31; 25;
9; 22;
12; 16;
30; 24;
39; 37;
39; 35;
21; 30;
25; 34;
22; 22;
19; 7;
18; 17;
29; 29;
32; 26;
23; 32;
32; 12;
16; 12;
33; 33;
28; 21;
20; 34;
37; 35;
27; 38;
26; 16;
16; 18;
24; 8;
29; 5;
27; 6;
5; 11;
25; 19;
35; 19;
29; 25;
33; 37;
31; 31;
26; 31;
7; 28;
7; 8;
19; 28;
24; 23;
19; 20;
30; 18;
17; 19;
7; 19;
8; 31;
25; 14;
12; 27;
12; 14;
26; 5;
9; 16;
6; 29;
11; 35;
30; 24;
16; 35;
6; 25;
26; 38;
21; 21;
31; 10;
28; 22;
7; 14;
23; 18;
34; 39;
10; 16;
24; 20;
20; 32;
22; 18;
23; 12;
21; 29;
13; 35;
27; 32;
8; 11;
18; 22;
10; 27;
32; 30;
35; 7;
26; 8;
38; 35;
33; 28;
35; 11;
29; 19;
5; 35;
20; 14;
8; 13;
19; 13;
39; 6;
36; 32;
35; 14;
11; 16;
5; 16;
34; 23;
23; 33;
24; 17;
10; 18;
20; 28;
19; 33;
34; 6;
10; 13;
32; 12;
31; 9;
18; 36;
12; 24;
31; 33;
11; 33;
13; 28;
28; 22;
27; 23;
17; 11;
35; 12;
16; 7;
8; 30;
32; 30;
34; 10;
12; 34;
27; 26;
21; 39;
24; 35;
37; 37;
16; 39;
7; 30;
11; 16;
9; 31;
5; 37;
11; 15;
29; 39;
17; 25;
36; 29;
5; 28;
9; 21;
29; 25;
26; 16;
11; 26;
11; 28;
37; 32;
25; 19;
34; 36;
9; 25;
35; 32;
25; 5;
30; 37;
39; 36;
10; 27;
14; 36;
8; 35;
35; 14;
33; 34;
14; 21;
9; 35;
9; 23;
24; 16;
39; 19;
29; 15;
9; 21;
20; 15;
34; 12;
7; 8;
31; 32;
25; 29;
11; 23;
17; 15;
25; 7;
36; 16;
26; 5;
26; 28;
21; 5;
27; 7;
20; 18;
37; 25;
12; 34;
23; 32;
20; 32;
5; 27;
11; 29;
8; 21;
36; 19;
28; 25;
10; 14;
31; 37;
22; 18;
28; 9;
35; 32;
34; 33;
24; 39;
28; 17;
35; 39;
22; 16;
5; 24;
34; 32;
6; 14;
9; 36;
36; 9;
32; 6;
16; 7;
37; 11;
27; 5;
8; 33;
11; 18;
37; 28;
38; 12;
7; 11;
6; 31;
26; 36;
37; 16;
25; 25;
19; 38;
35; 13;
14; 31;
13; 30;
5; 32;
21; 22;
7; 21;
30; 35;
36; 28;
10; 26;
27; 11;
33; 34;
11; 37;
35; 10;
23; 35;
9; 39;
21; 16;
31; 28;
9; 35;
24; 19;
10; 11;
28; 11;
30; 24;
9; 24;
5; 31;
39; 13;
11; 39;
37; 13;
9; 5;
6; 17;
36; 7;
12; 9;
27; 22;
6; 30;
30; 6;
30; 6;
9; 31;
20; 20;
23; 27;
9; 26;
32; 16;
9; 31;
36; 36;
33; 21;
18; 23;
24; 8;
33; 11;
23; 8;
39; 23;
24; 13;
23; 18;
34; 39;
6; 38;
8; 19;
24; 22;
30; 22;
36; 19;
24; 24;
38; 20;
13; 31;
28; 24;
17; 11;
21; 26;
12; 37;
13; 17;
21; 39;
8; 36;
8; 19;
22; 9;
30; 37;
33; 18;
37; 36;
33; 6;
12; 18;
27; 38;
10; 23;
15; 32;
24; 38;
6; 27;
22; 20;
30; 10;
11; 11;
5; 30;
19; 5;
16; 9;
7; 33;
30; 15;
38; 15;
26; 20;
18; 20;
18; 33;
15; 14;
12; 38;
28; 15;
16; 10;
18; 34;
26; 14;
12; 27;
11; 31;
35; 7;
26; 12;
7; 23;
35; 16;
32; 5;
34; 14;
16; 25;
14; 7;
6; 36;
35; 36;
39; 7;
7; 9;
28; 11;
30; 13;
11; 21;
8; 15;
8; 35;
24; 15;
33; 11;
31; 31;
18; 35;
10; 27;
20; 7;
33; 33;
24; 24;
13; 15;
32; 15;
31; 32;
39; 22;
23; 36;
32; 27;
*** EOF ***
